1
<path
    d="M39.9998 28.7679C39.7922 29.2452 39.6917 29.2258 39.1922 29.1968C36.5132 29.0485 33.3607 27.852 30.6331 27.4908C25.1518 26.7716 15.5289 27.7617 10.0314 28.9066C6.76863 29.587 -0.084532 32.8378 -0.000205427 26.9393L11.2412 25.6461L9.746 7.06696C11.0498 6.45421 12.5969 6.82186 14.0013 6.73156C17.2932 6.52194 20.3517 4.1419 23.5075 3.28405C25.2524 2.80998 26.3162 2.72935 26.9973 4.65467C27.1173 4.99007 27.5357 6.58966 27.2438 6.78638C27.1076 6.87991 24.4448 7.20886 23.9745 7.29593C21.1593 7.8216 14.6142 9.189 13.5926 12.2366C12.8401 14.4812 14.6629 14.8908 16.4792 14.7843C19.8328 14.5908 22.9139 13.2106 26.0729 12.285C28.4989 11.5755 30.4222 10.7144 31.9401 13.3879C32.1509 13.7588 32.6504 14.8714 32.5239 15.2552C32.4299 15.539 27.2892 16.0808 26.5886 16.184L25.6156 23.924H38.5338C38.7446 23.924 39.2603 25.2333 39.3479 25.4816L39.9933 28.01V28.7614L39.9998 28.7679ZM22.9172 16.7258L14.0531 18.7704L14.8153 25.2172L22.3301 23.9369L22.9172 16.7258Z" />
<path
    d="M23.3519 30.809C23.8027 30.4833 26.9066 31.8087 27.5325 32.0796C28.7261 32.5924 32.6213 34.3694 33.3413 35.224C34.0062 36.0141 33.6235 40.0808 32.9197 40.7032C31.4051 42.0416 29.9391 38.536 29.2418 37.6879C28.2169 36.443 26.7217 35.4046 25.6157 34.1984C24.6946 33.1922 23.8773 32.0732 23.3486 30.809H23.3519Z" />
<path d="M14.2709 31.3516L8.70533 39.7365C6.97663 42.1972 4.11601 37.0533 5.03063 35.9762L14.2709 31.3516Z" />

2
<path
    d="M24.3769 22.1474C23.7754 22.1145 23.1739 22.1967 22.5823 22.2889C19.8738 22.7133 13.5328 25.5299 13.2968 20.7786C13.2403 19.6598 13.4464 20.0744 14.2307 19.9395C17.6072 19.3538 21.0569 19.0511 24.3636 18.1824L23.9316 5.034C24.9253 4.83329 27.9961 5.54401 28.3151 6.56404C28.5345 7.27147 28.2653 8.3244 28.2487 9.03184C28.1855 11.9406 28.0958 14.8427 28.0326 17.758L37.8133 16.9025C38.1091 16.9913 39.1593 18.6431 39.352 18.9985C40.7146 21.5518 39.9103 22.1934 37.1752 22.0322C35.1147 21.9105 29.6046 20.443 28.0725 21.9598C26.6302 23.3912 28.2287 28.5637 28.1922 30.4853C28.4846 30.8867 33.5262 30.6136 34.4035 30.6991C37.1652 30.9689 37.3414 33.5223 37.3414 35.7433C37.0822 36 31.0004 35.0523 30.0832 34.9767C25.2144 34.5785 22.2101 36.2467 17.7734 36.6087C16.7365 36.6942 16.1583 36.7864 15.4604 35.9671C14.809 35.2004 14.5697 34.1014 14.6295 33.1143C16.7232 33.1274 18.9067 32.8609 20.9472 32.4036C21.4623 32.2884 24.3803 31.5415 24.3803 30.9755V22.1474H24.3769Z" />
<path
    d="M8.42098 24.7795C8.27143 24.6248 6.69283 25.5692 6.43693 25.7205C5.26046 26.4214 1.74767 29.1722 0.710777 29.2709C0.189009 29.3202 -0.0868298 29.1327 0.0228411 28.5898C3.48579 24.2892 6.66957 19.709 9.07236 14.7306C9.72041 13.3848 10.4516 11.8054 10.8902 10.3873C11.2558 9.19613 11.6247 6.58026 12.738 5.85638C13.3063 5.48456 14.403 5.77741 15.0179 6.02419C17.5203 7.02447 16.078 8.90658 15.0511 10.4465C13.7517 12.401 8.98927 17.8861 8.98595 19.913C8.98595 21.3443 12.0036 21.3509 12.0833 22.973C11.7576 27.6915 11.5184 32.4165 11.1927 37.1185C11.1461 37.8029 11.3356 39.1519 10.8537 39.6356C10.7507 39.7409 10.3053 40.014 10.1591 40.0009C10.0561 39.991 8.37113 39.2145 8.2681 39.1355C8.16508 39.0565 8.08864 39.0138 8.08864 38.8723L8.42098 24.7795Z" />

3
<path
    d="M37.3372 40.0115C37.2881 40.1713 37.0207 40.1682 36.8763 40.1744C34.7344 40.2788 30.9178 36.4069 29.2923 35.0456C29.0618 34.852 28.2782 34.1637 28.0631 34.1237C26.204 33.7703 23.2816 35.4635 21.6867 36.3578C21.3088 36.4715 21.0199 35.9829 20.8601 35.6909C19.7477 33.6444 20.1748 26.3891 20.3316 23.8294C20.5159 20.7841 20.7495 16.6479 21.3856 13.7194C21.6222 12.6347 21.7943 12.1952 22.7868 11.639C25.9981 9.83828 30.672 9.12536 34.3165 9.33124C34.6545 9.34968 37.3342 9.6539 37.3342 9.89974V40.0146L37.3372 40.0115ZM33.1365 35.147V13.4828C33.1365 13.3906 32.1347 12.2352 31.9626 12.0969C29.1816 9.89052 23.2785 14.0175 24.2188 17.4838C24.8734 17.9386 28.0201 16.2546 29.1386 16.9706C29.7317 17.3485 29.6825 18.4149 29.197 18.8635C28.2014 19.7823 24.354 19.9145 23.9115 20.5444L23.4076 24.4962L29.3199 23.2855C29.4029 23.2486 29.5504 23.3838 29.5504 23.4207V25.5195L23.5305 27.4893L22.9958 31.8713L29.7932 31.06C30.082 31.143 29.9284 32.1294 29.9622 32.4336C30.1588 34.2651 31.1176 35.6203 33.1365 35.1501V35.147Z" />
<path
    d="M11.4199 24.1836C8.96159 26.2271 7.71705 29.6872 5.10198 31.5402C4.61952 31.8813 2.21648 33.2211 1.75247 33.0859C1.07028 32.8862 2.46847 31.2237 2.67128 30.9533C5.5076 27.192 8.71576 24.0576 10.6456 19.5681C10.7531 19.3191 11.2171 18.2129 11.1004 18.0439C10.8545 17.6843 8.84789 18.2282 8.42075 18.3665C7.84919 18.554 5.26177 19.8108 4.87458 19.5558C4.67484 19.4267 3.56243 15.5671 3.22441 15.0631C5.19109 14.765 7.22538 14.7528 9.16748 14.2949C10.0771 14.0798 11.6996 13.6465 11.8317 12.5556C12.1575 9.85755 11.589 6.51112 11.8256 3.73933C11.8379 3.59183 11.8379 3.44432 11.8962 3.30604C12.2373 2.51322 15.1689 3.55495 15.8757 3.1862L14.7971 12.6048L18.8872 12.2022C19.0839 13.0073 19.2713 13.8278 18.9118 14.6206C18.1773 16.2431 14.7049 16.0803 14.4099 17.3893C13.7707 20.2195 18.7397 20.4162 18.4785 22.7854C18.2511 24.8597 14.794 22.4474 14.3884 22.8469L13.9643 40.8082C13.8783 41.0725 12.7751 40.9987 12.5047 40.9649C11.6873 40.8666 10.7992 40.4303 10.412 39.6774C9.81587 38.5127 11.4169 38.5435 11.4169 38.4144V24.1775L11.4199 24.1836Z" />

4
<path
    d="M8.25603 23.1019C7.78984 23.0586 7.34955 23.3535 6.94379 23.5674C5.26608 24.4579 3.61427 26.0308 1.89339 26.7825C-0.578566 27.8609 1.05886 25.519 1.69195 24.6516C3.25168 22.5092 5.27471 20.5548 6.74235 18.3516C9.11935 14.7838 10.0143 11.057 11.5424 7.17409C11.7381 6.6768 12.2273 5.25431 12.6935 5.05481C13.4647 4.71943 15.0187 5.28033 15.6748 5.76895C16.1467 6.12168 16.4489 6.35876 16.2417 6.98038C15.9827 7.75812 13.8359 10.0104 13.2057 10.9645C11.7179 13.2197 10.4402 15.8247 9.22007 18.236C9.94237 19.2508 10.8748 20.0979 11.6891 21.0405C10.6733 26.0047 11.1625 31.1078 11.0273 36.1443C10.9496 36.4074 10.6359 36.2079 10.423 36.2022C9.49345 36.1819 8.41718 36.5173 7.97401 35.4822L8.25891 23.0991L8.25603 23.1019Z" />
<path
    d="M31.7581 5.75781C32.679 9.68123 26.6617 7.89444 27.1538 11.5403C27.807 11.601 30.7884 11.0517 31.1625 11.2714C31.2085 11.2974 31.6229 12.0867 31.643 12.1908C31.7754 12.8703 31.3495 13.2548 30.7999 13.515C29.3121 14.2176 25.6401 14.313 27.4042 16.9209L31.761 16.1663C32.256 19.283 29.0387 19.549 26.7739 19.6358L27.148 21.8938C31.0128 22.128 35.1452 21.3908 38.6762 23.3568C37.8129 27.1935 37.0675 31.0793 35.9136 34.8408C35.5567 36.0031 34.6215 39.0852 33.7812 39.8311C32.8517 40.658 31.0157 39.0476 30.279 38.4259C28.8488 37.2261 27.548 35.7024 26.3912 34.2337C26.3509 34.0255 26.4862 34.0891 26.6329 34.0862C28.2473 34.0833 29.6689 36.2575 31.4445 35.1675C32.6215 34.4447 33.4877 31.2846 33.7294 29.9459C33.9596 28.6825 34.3682 25.5773 33.2977 24.6897C31.1653 22.9144 24.3941 24.8863 21.8789 25.6582C21.0041 25.9271 19.5077 26.2972 18.7768 26.7829C17.289 27.7717 16.7854 31.9611 16.6933 33.6612C16.6818 33.9012 16.9321 34.2683 16.6357 34.3638C16.1638 34.5141 15.3494 34.3377 14.9062 34.1064C14.5926 33.9416 12.9666 32.4526 12.958 32.2127C14.4544 29.9228 16.3048 27.8382 17.8473 25.557L18.0544 8.07948L31.7581 5.75781ZM23.6027 10.0947C22.3797 9.96168 20.5466 10.3636 20.2156 11.7514C20.1523 12.0145 20.0717 12.7922 20.1955 12.9917C20.325 13.1999 23.3207 12.3441 23.7955 12.4077L23.6027 10.0976V10.0947ZM23.9883 15.1052C23.3725 15.3105 20.584 15.7239 20.2473 16.0188C20.0689 16.175 19.948 17.7507 19.8645 18.0918C20.4948 17.8548 23.4243 17.768 23.7725 17.4876C24.2243 17.1233 23.9825 15.6285 23.9883 15.1052ZM23.3926 20.0492C22.2617 20.1099 19.8588 20.7518 20.1724 22.2639C20.2214 22.4952 20.5868 23.0474 20.7739 23.2036C22.2243 24.4121 23.9336 22.102 24.0746 20.7344C24.1523 19.9596 24.0631 20.0145 23.3955 20.0521L23.3926 20.0492Z" />
<path
    d="M20.1232 27.8452C20.5204 27.7556 20.7218 27.9175 21.0038 28.1748C21.729 28.834 22.8513 31.1991 22.8945 32.1619C22.9117 32.5348 22.2297 32.6042 21.9132 32.6331C20.1376 32.7893 19.2024 31.6183 19.2887 29.9009C19.3146 29.3949 19.5678 27.9724 20.1232 27.8481V27.8452Z" />
<path
    d="M27.824 31.6779C25.7319 32.3602 23.9218 31.2673 24.1894 28.9427C24.224 28.6421 24.5866 27.5058 24.8456 27.393C24.9492 27.3468 25.9794 27.4595 26.0887 27.6879C26.2182 28.2084 27.9794 31.5044 27.824 31.6779Z" />
<path d="M32.0465 30.9089C29.0681 31.279 27.209 28.4138 29.6004 26.1875L32.0465 30.9089Z" />

5
<path
    d="M27.9051 14.0901C27.865 13.9562 27.6705 13.9437 27.5502 13.9281C25.0436 13.6322 20.725 14.0745 18.6969 15.7006C17.4097 16.7348 16.1286 19.8871 14.1623 19.2299C14.0542 19.1925 13.9771 19.3015 14.011 19.071L24.5096 2.03818C24.5836 1.98522 24.6577 2.0008 24.738 2.00703C24.917 2.02572 26.9883 2.68921 27.0809 2.76709C27.5625 3.17204 26.4605 4.87283 26.195 5.3027C25.2134 6.91004 23.8891 8.37721 22.9198 9.9939C22.7963 10.2026 22.108 11.296 22.2438 11.4393C23.5773 11.271 24.8892 10.9097 26.2228 10.729C27.7724 10.5172 29.1059 10.43 30.6432 10.8038C30.9303 10.8723 32.3318 11.3396 32.4398 11.5109C32.6713 11.8816 32.2885 14.3954 32.2083 15.0059C31.7144 18.7408 30.8902 23.2327 29.8283 26.8305C29.4146 28.2385 29.2696 29.5437 27.4483 29.2913C25.8956 29.0733 24.6114 27.0112 23.1698 26.5501C17.561 24.7652 14.4864 34.4124 22.0925 35.2192C24.7195 35.4964 30.9457 35.5089 33.3257 34.5121C35.3477 33.6648 36.3848 30.6775 36.5485 28.6247C36.6534 27.3133 36.2768 25.8679 36.5948 24.6219C36.7738 23.918 37.1319 23.5224 37.8851 23.485C37.9314 24.2201 38.0765 24.9646 38.2277 25.6842C39.0365 29.5997 40.3145 33.4779 39.9317 37.5399C39.8977 37.6738 39.8051 37.6894 39.6878 37.7112C39.1908 37.8046 38.3049 37.7548 37.7338 37.8171C32.4768 38.3809 21.8178 40.5832 17.5671 36.9823C14.5358 34.4155 15.3785 29.6402 15.4588 26.139C15.5051 24.1609 15.5298 22.1486 15.1532 20.2049L15.2458 20.0055C17.6937 19.1395 21.4751 16.1149 24.0681 17.7534C26.5191 19.3046 22.997 22.6875 23.4816 24.4506C23.5094 24.5565 24.8676 25.4474 25.0775 25.4661C26.1549 25.5658 27.0624 23.6937 27.4112 22.8277C27.5038 22.5972 27.9082 21.5038 27.9082 21.3543V14.087L27.9051 14.0901ZM18.1289 24.731C19.7434 24.9272 20.8516 23.8743 20.9967 22.2795C21.151 20.5662 20.0984 18.6411 18.7648 20.7531C18.0549 21.8807 17.9746 23.4414 18.1289 24.731Z" />
<path
    d="M11.3906 4.79204C11.4462 4.80762 11.5573 4.94156 11.5264 5.02567L10.7331 12.8194C10.9677 13.0125 11.4986 13.539 11.7796 13.4985L14.5732 12.2743C17.1106 15.3457 12.2333 16.0839 11.156 17.9436C10.7547 18.6382 10.1466 21.4822 10.2145 22.2734C10.2701 22.8995 10.7424 23.3357 11.2085 23.669C11.7796 24.077 14.1935 25.0146 14.3355 25.214C14.8171 25.8868 14.3201 27.6032 14.0669 28.357C13.9095 28.8274 13.6842 29.7619 13.1347 29.8149C12.0821 29.9177 10.7671 27.3976 10.1126 26.6469C8.94578 25.3043 8.93961 26.2233 8.63709 27.4475C8.25123 29.0018 8.0475 31.7555 6.97326 32.933C6.0904 33.9017 1.7564 36.1352 0.487689 36.1508C0.330257 36.1508 0.178999 36.0854 0.0370018 36.0355C-0.138951 35.777 0.530905 34.8456 0.703771 34.6026C1.76566 33.1105 3.44802 32.1293 4.60561 30.7525C6.74174 28.2106 7.80363 24.2857 8.24197 21.0274C8.95504 15.7257 8.4951 10.1125 8.15245 4.79204C8.99209 4.94468 10.6621 4.58645 11.3937 4.79204H11.3906Z" />
<path
    d="M5.78195 14.8666C5.59365 18.2495 4.03785 21.405 4.85588 24.8346C3.55938 24.9312 1.71651 24.5263 0.691659 23.6914C-0.0399357 23.0965 -0.13563 22.7694 0.237885 21.891C0.836743 20.4892 4.27863 15.9475 5.47326 15.0255C5.57513 14.9445 5.60291 14.823 5.78195 14.8698V14.8666Z" />

6
<path
    d='M23.8737 13.228L19.1827 13.8169L18.4966 10.775L23.5659 10.1713L23.8737 5.62466C24.0614 4.65878 26.8086 4.97976 27.049 5.47448L26.7059 9.20547L31.4439 8.81381C32.0274 8.92571 32.9656 11.2432 32.3733 11.6054L27.0988 12.3446V14.6032C28.729 14.079 30.6406 14.2616 32.2971 14.6326C33.0037 14.7916 35.6248 15.5043 35.5984 16.4201C35.1792 16.9678 34.7863 17.5096 34.4726 18.1339C33.6458 19.7859 32.3938 24.418 30.8429 25.1866C29.5264 25.8374 28.3478 24.4651 27.0138 25.1189L26.7089 28.0518L38.1814 26.8798C38.8646 26.9534 39.3894 27.8015 39.6122 28.3934C39.7031 28.6349 40.0021 29.5801 40.0021 29.7686V31.1909C38.5684 31.0525 37.1641 30.6991 35.7362 30.5166C33.7572 30.2663 31.5817 30.1102 29.588 30.2044C29.0192 30.2309 27.7175 30.3163 27.222 30.4783C27.0226 30.5431 26.3512 30.9553 26.316 31.1379L26.2955 38.382C26.272 38.4615 25.8557 38.9061 25.7824 38.9503C25.498 39.1152 24.5627 38.8031 24.2637 38.5999V30.8935L12.3044 32.36L11.3662 30.2545L23.8737 28.4405V25.6931C22.7508 25.643 21.1236 26.6913 20.1942 25.7579C19.8805 25.4428 19.1534 23.7908 18.9041 23.2754C17.963 21.3142 17.0395 19.2029 16.4413 17.1121L23.8737 15.092V13.228ZM26.7089 18.234H28.9078C28.9752 18.234 29.0163 18.3518 29.0163 18.4372C29.0104 19.0085 28.6469 19.8684 28.6586 20.4868C28.1719 20.528 27.5181 20.5074 27.049 20.5898C26.9288 20.6105 26.8613 20.6222 26.8174 20.7518C26.6796 21.17 26.8027 22.4274 26.7059 22.9456C29.5147 23.458 31.2739 19.8448 30.9044 17.5037C30.6992 16.2022 27.2161 15.89 26.8525 16.6645C26.8115 16.7499 26.6502 18.181 26.7059 18.237L26.7089 18.234ZM23.8737 16.7617C21.7803 17.065 19.9069 17.9307 19.9596 20.3484C20.0183 22.9545 21.191 24.4563 23.8737 23.3373V21.0787L21.9181 21.276L21.5253 19.6593L23.8737 19.0173V16.7587V16.7617Z' />
<path
    d='M9.12956 20.5792C12.8179 21.7277 10.8653 26.1124 10.6776 28.7833C10.4782 31.622 10.9385 34.6492 10.7832 37.5262C10.7773 37.6587 10.7392 38.233 10.6219 38.2654C10.2202 38.1829 7.59618 38.0003 7.54927 37.8001L7.84539 24.5163C5.78426 25.5411 4.0603 27.1578 2.04901 28.2621C0.580124 29.0689 -0.835987 29.4753 0.591852 27.2903C1.75582 25.5117 3.57067 23.9657 4.85778 22.2489C8.32915 17.6257 10.229 11.7627 12.3928 6.4533C12.4514 6.39146 12.9147 6.18827 13.0055 6.17649C13.5157 6.09404 15.3452 7.14237 15.999 7.24838C16.0665 7.28077 16.1222 7.33083 16.1456 7.40445C16.26 7.77549 15.4508 9.10651 15.2191 9.48933C13.2841 12.6814 11.1614 14.9165 9.68956 18.5591C9.56055 18.8742 8.94192 20.3584 9.1325 20.5792H9.12956Z' />

7
<path
    d='M28.0843 10.0804C30.5038 10.1702 35.5223 9.59376 37.1722 11.751C38.4009 13.3594 37.1135 15.0023 36.8408 16.7073C36.6406 17.981 36.5578 19.6446 36.4853 20.9527C36.2782 24.6182 36.4094 28.3148 36.368 31.9976C36.3093 32.4843 35.2497 32.215 34.8458 32.1391C31.705 31.5316 29.8722 28.6289 27.1662 27.2241C27.1524 28.584 27.1766 29.9508 27.1697 31.3142C27.149 34.4965 27.1213 37.6615 27.5252 40.8438C27.6425 41.755 27.8358 42.7353 28.0671 43.6258C28.0118 43.75 27.9221 43.7742 27.7978 43.7949C26.5035 44.002 24.1703 44.4231 23.5904 42.9355C24.9987 33.4714 24.1013 23.8831 24.2876 14.3431C21.2848 14.7641 20.7291 18.226 20.6014 20.7249C20.5082 22.5577 21.1813 28.4943 20.2459 29.6885C19.704 30.3788 18.5029 29.8335 18.4166 29.0189L17.9541 13.2455C18.0507 12.5034 19.2967 12.2514 19.9146 12.0996C20.7291 11.9028 23.8942 11.5922 24.2324 10.895L24.3567 0.412712C26.0203 -0.129177 28.1292 -0.322462 29.3303 1.19966L28.0878 10.0908L28.0843 10.0804ZM32.0777 13.4491C31.5324 12.8106 28.2707 12.7485 27.7392 13.3594C27.4492 13.6907 27.7323 14.2326 27.7461 14.6226C27.8462 17.6634 26.683 21.0183 27.0799 23.9176C27.2974 25.5122 29.9205 27.6211 31.4875 27.0032C32.3262 26.6753 32.4885 24.5423 32.5713 23.7139C32.8164 21.2081 32.8923 16.9835 32.4263 14.5432C32.378 14.2913 32.2227 13.6182 32.0777 13.4526V13.4491Z' />
<path
    d='M5.88095 23.8903C8.55243 23.3311 13.1671 22.0644 15.704 23.3277C16.9707 23.9593 16.8533 24.4736 16.5496 25.6402C16.0733 27.4522 15.1241 30.2514 14.3337 31.9392C13.1568 34.4519 9.90542 33.5062 7.63432 34.2138C6.30549 34.6279 3.1577 37.5238 2.68829 34.7349C2.38456 32.9263 2.95406 30.9072 3.11973 29.1228C3.43037 25.7713 3.11973 22.3612 3.24054 18.996L2.77458 11.7754C6.42284 9.12809 8.832 5.21407 11.752 1.85229C11.9867 1.74874 12.6045 2.00415 12.8634 2.12496C13.6572 2.48737 16.0526 4.3788 15.6039 5.36593L7.95531 10.0289C7.4721 10.4811 8.37295 10.6433 8.69739 10.664C10.8511 10.8055 13.0601 9.82875 15.2932 10.5122C16.8119 10.9781 16.6497 11.6132 16.3218 12.9834C15.7143 15.5238 14.2336 17.8777 13.4777 20.3801C11.4759 21.3879 8.99767 20.4663 6.95782 21.3396C5.72563 21.8677 5.68076 22.6615 5.8844 23.8903H5.88095ZM11.8624 12.3863H8.81474C8.42817 12.3863 7.31333 12.8247 6.97508 13.0766C6.57471 13.3735 5.88095 14.3779 5.88095 14.8611V17.2771C5.88095 17.7465 8.47649 17.5015 8.89758 17.4186C11.4931 16.9078 12.3836 14.8645 11.8624 12.3863ZM11.4034 25.2709H8.92864C7.63087 25.2709 5.41845 26.5031 5.41845 27.9734V30.1582C5.41845 30.1582 5.57722 30.3308 5.59102 30.3308H7.54803C7.72061 30.3308 8.55588 30.0443 8.78713 29.958C10.8235 29.1883 11.9211 27.4522 11.4034 25.2674V25.2709Z' />

8
<path
    d='M27.6897 10.9062C27.4767 11.7713 28.6033 12.2374 28.49 13.077C28.3904 13.7889 26.7039 14.405 27.1298 15.4681C30.5233 16.0012 34.6105 16.5056 34.219 20.643C34.1365 21.5177 34.0987 21.6167 33.1267 21.5433C30.9011 21.3741 29.2868 19.0564 27.4939 18.054C24.2104 16.2151 23.3998 19.2447 21.2772 20.8537C22.7884 21.3964 22.9464 22.3031 22.1942 23.5673C26.2196 23.7939 30.2485 24.0589 34.2739 24.3111C35.3009 24.3749 36.4584 24.3302 37.4784 24.4196C38.7321 24.5314 39.1923 24.774 39.6835 25.8818C40.1334 26.9001 40.5422 29.2976 38.9794 29.5275C33.7965 27.5354 27.8717 26.3989 22.3076 27.5578C22.2286 27.6152 21.7374 29.2721 21.7374 29.3679V43.9987H18.818C18.7149 43.9987 18.2066 43.2804 18.1997 43.0984C18.1826 42.6706 18.6634 41.349 18.7458 40.7392C19.3126 36.4869 17.9181 32.19 18.4161 27.9281L1.7546 30.8906C0.322347 30.6448 0.0613133 29.0199 0.0887905 27.8866L17.5609 24.6399C18.0658 24.343 18.1104 22.3126 18.3302 21.6295C19.4706 18.0763 24.1623 15.3436 23.9081 11.2222C21.9641 11.1232 19.9961 11.6372 18.3783 12.6269C15.7405 14.239 14.875 16.6908 18.0795 18.3125C17.6021 19.5129 17.9524 20.6717 16.1218 20.2184C15.3593 20.0301 14.638 19.3948 13.8824 19.3214C10.7877 19.0085 8.29762 23.7524 5.76971 23.679C3.63335 23.6183 6.28147 21.0037 6.85163 20.4259C8.67543 18.5743 11.248 17.0069 12.4845 14.7019C12.7901 14.1305 13.3981 13.093 12.196 13.1472C10.9011 13.2047 8.32853 14.7211 7.22257 14.2327C7.05084 14.156 7.03366 14.0826 6.9581 13.9453C6.70394 13.4856 5.85214 11.2318 5.73193 10.721C5.70445 10.6061 5.69415 10.4911 5.70445 10.373L31.8662 7.0625L32.1582 7.11996L32.7008 10.6635C32.7455 10.7497 32.5909 10.903 32.5532 10.903H27.6862L27.6897 10.9062Z' />
<path
    d='M20.2229 0.713701L23.4 6.75055L23.4515 7.07298C21.4972 7.17833 17.9835 7.49757 16.9394 5.51828C16.1254 3.97315 17.2897 1.72569 17.9732 0.279533C18.2549 0.113528 19.7936 0.700931 20.2195 0.713701H20.2229Z' />

9
<path
    d='M17.8357 22.9913L2.47497 26.1381L0 23.1062L17.6596 19.1587C17.7425 18.995 17.7977 18.8105 17.8219 18.6261C18.1981 15.7089 18.1049 10.8459 17.9531 7.84178C17.9013 6.83228 17.4387 5.18923 17.4836 4.37118C17.5561 2.96484 18.8264 2.87782 19.9103 3.0832C20.5557 3.20852 22.7339 3.9465 22.8685 4.61834L22.0884 18.2327C27.1798 17.9751 32.261 17.6061 37.3352 17.4181C37.5768 17.4634 38.9196 19.1969 39.1439 19.5416C41.4601 23.0609 38.6365 23.0156 35.8405 22.7581C33.7314 22.5631 31.6396 22.0444 29.5167 21.94C27.0418 21.8182 24.5633 22.1663 22.0918 22.0618V32.9123C22.0918 33.0271 22.8443 33.5388 23.0135 33.6085C25.4746 34.6528 29.0887 32.1569 30.9907 33.4518C31.7604 33.974 32.6096 36.0626 32.6648 36.9886C32.8133 39.4705 30.8975 38.3845 29.3787 38.2069C22.0918 37.3436 15.2123 39.0633 8.04971 39.9997C6.75181 39.2512 5.81981 37.8762 5.86469 36.3341C6.48257 36.5047 6.97273 36.3585 7.53538 36.3341C9.22333 36.261 10.894 36.1218 12.5647 35.8363C13.2896 35.711 17.8322 34.7711 17.8322 34.0714V22.9913H17.8357Z' />

10
<path
    d='M22.7269 9.13032H27.4085C27.6168 9.13032 28.6175 9.45071 28.8827 9.55222C29.2583 9.69179 31.0988 10.6815 31.0293 11.0717L26.4109 16.1661L25.0693 17.4699C23.0552 17.2764 20.6939 17.3779 18.803 18.1456C16.2965 19.1606 18.5031 19.5032 19.4564 20.1884C20.6813 21.0703 20.9464 23.056 21.5178 24.3598C21.6473 24.3883 22.7806 23.4621 22.9858 23.3003C24.4379 22.1361 25.729 20.6865 27.3011 19.7158C27.4305 19.7158 27.5663 19.7919 27.6673 19.8712C27.7999 19.9727 29.1984 22.2186 29.2962 22.4629C29.3341 22.558 29.4004 22.6627 29.3404 22.761C28.7911 23.1956 23.917 26.0981 23.9896 26.4122C24.0243 26.5581 25.9058 28.1854 26.1931 28.4297C27.541 29.5748 28.9521 30.6787 30.5432 31.4591C32.5888 32.4646 38.1037 34.0729 39.3002 35.7732C39.4833 36.0333 39.7926 36.6423 39.297 36.728C36.6264 36.8834 33.8768 37.3529 31.1966 37.1499C30.6 37.1055 29.4414 36.9025 28.9837 36.5186C28.3271 35.9667 28.4123 34.0729 27.9356 33.1308C27.459 32.1887 25.1703 30.831 24.1885 30.2346C23.9139 30.0697 22.2281 29.0229 22.0955 29.1148L21.0412 41.962L20.9401 42.1841C20.7476 42.3268 19.0303 41.7146 18.6704 41.5972C15.9808 40.6964 13.4395 39.732 11.356 37.7367C10.6142 37.0262 9.61349 35.8906 11.5076 36.3156C13.629 36.7914 16.549 39.5449 17.8559 36.1221C18.6357 34.0856 18.3389 31.5733 18.4084 29.4321C18.0832 29.1085 14.033 31.3544 13.4711 31.7128C10.5858 33.5495 10.1975 35.8683 6.43457 36.5916C4.57205 36.95 2.21534 37.4409 0.387545 37C0.229704 36.9619 0 36.3802 0.387931 36.1221C4.63385 33.2957 8.98844 32.601 13.2407 29.7969C14.6328 28.8801 16.7132 27.0371 17.6507 25.6636C18.1116 24.9911 18.6483 24.1663 17.3224 24.5945C15.8577 25.0672 12.9124 26.9292 11.7254 27.957C10.7373 28.8135 10.0112 30.2029 8.75167 30.6787C7.32795 31.2148 5.14975 31.0562 3.65026 30.7802C3.0631 30.6724 2.11289 30.5677 2.89894 29.873C7.78253 28.0173 12.9471 25.9744 16.287 21.7459C16.3375 21.5556 15.8229 20.6516 15.6367 20.6706C15.5262 20.6801 14.6328 21.1686 14.4403 21.2733C11.678 22.7674 9.13996 25.2734 5.77796 25.2036C5.80005 24.9689 5.69272 24.566 5.88213 24.4074L13.3543 19.6492C13.0197 18.7736 11.8075 19.7951 11.1414 19.6555C10.5416 19.5286 9.30096 17.8918 8.91267 17.3462C8.14557 16.2803 7.17327 14.7038 6.78182 13.4603C6.60188 12.8925 6.39669 12.2707 6.63977 11.6871C10.0397 11.0304 14.4466 11.2779 17.5276 9.57125C18.6293 8.9622 21.0885 6.60529 18.8472 5.88204C17.3856 5.40939 14.9801 6.10726 13.8752 7.17311C12.9092 8.10572 12.9439 9.32699 11.5612 10.028C10.5574 10.5356 6.03681 11.7378 5.14344 11.3001C4.91299 11.1859 4.86248 10.8179 4.98559 10.6117L18.7809 1.20312C19.1439 1.3649 21.319 2.42757 21.3537 2.63694L19.8321 4.47678L24.299 6.65287L22.7269 9.12715V9.13032ZM19.3617 11.3508V15.0527H21.5178C22.3197 15.0527 24.0496 14.4437 24.6273 13.841C25.205 13.2383 25.7795 11.2112 24.5642 11.04C22.8942 10.8084 21.0412 11.4143 19.3617 11.3508ZM15.441 12.2105L10.6268 13.5174C10.0681 14.818 10.4058 16.3438 11.9653 16.6102C14.0678 16.9687 17.1646 15.4841 16.1481 12.9337C16.0376 12.6577 15.7535 12.1756 15.441 12.2105Z' />

11
<path
    d='M22.7026 21.6539C23.2919 21.6539 23.8847 21.586 24.4705 21.5284C28.7646 21.0873 33.2828 19.7167 37.2391 22.2171C37.9215 22.6479 39.0347 23.4588 39.0002 24.3171C38.9899 24.6123 37.9766 26.6377 37.7836 27.167C35.7882 32.5647 35.2368 38.6138 31.9594 43.4449C28.9128 42.6476 26.0869 40.9683 24.026 38.6172C23.8192 38.3797 22.5234 36.7546 22.706 36.5816C24.8186 36.6426 26.7244 39.0175 28.8508 37.484C31.632 35.479 32.9622 29.2059 32.6969 26.0067C32.59 24.731 32.4074 23.8523 31.0047 23.6013C26.173 22.7362 16.189 26.3595 11.0092 27.3807C10.6232 27.4553 8.05919 27.9948 7.99371 27.5741C7.96613 27.401 9.00003 25.0873 9.15167 24.6462C10.3234 21.2773 10.8404 17.4674 10.6405 13.9017C10.4888 11.2215 9.62381 8.3072 9.61692 5.6304C9.61692 4.94848 10.2166 4.11388 10.9403 4.0155C14.0764 3.57106 17.4814 3.64909 20.5624 2.97056C22.3304 2.5804 24.0949 1.82384 25.8697 1.40994C26.7313 1.20977 29.1782 0.602488 29.8261 1.23013C30.0742 1.47101 29.9088 3.94425 29.8881 4.46333C27.6411 5.22328 23.3022 5.40988 23.0472 8.47344C23.0196 8.79235 22.9266 9.39624 23.3332 9.43695L28.6612 9.10787C30.7635 14.1527 25.4803 12.0968 22.6991 13.2808V15.3164L29.416 14.6345C29.8433 14.7125 30.1432 16.0832 30.1225 16.4869C30.0536 17.8236 28.6716 18.0916 27.5791 18.2545L22.6991 18.4818V21.6471L22.7026 21.6539ZM13.0529 11.5879C14.7071 11.2317 18.4326 11.6354 18.9461 9.53195C19.0529 9.0943 19.2632 7.60831 18.6394 7.63546C18.0156 7.6626 16.5406 8.01543 15.8754 8.20542C14.0937 8.71093 12.7841 9.52855 13.0529 11.5879ZM13.0529 17.5827C14.7071 17.2265 18.4326 17.6302 18.9461 15.5268C19.0529 15.0891 19.2632 13.6031 18.6394 13.6303C18.0156 13.6574 16.5406 14.0102 15.8754 14.2002C14.0937 14.7057 12.7841 15.5234 13.0529 17.5827ZM17.7226 22.7429C18.1155 22.3528 18.4877 21.5623 18.5567 21.0195C18.5946 20.7311 18.6704 19.5946 18.3843 19.5131C16.4441 20.1204 12.8082 20.1781 12.4946 22.7429C12.4532 23.089 12.3395 23.8388 12.7703 23.9168C13.239 24.0016 14.521 23.9439 15.0345 23.8863C15.9133 23.7879 17.0954 23.374 17.7261 22.7463L17.7226 22.7429Z' />
<path
    d='M7.53799 29.7945L5.13936 37.5298C3.63676 38.1303 0.576436 35.4094 1.19333 34.0082C1.43112 33.4688 3.94348 31.769 4.5845 31.3551C4.97393 31.1007 7.28296 29.6079 7.53799 29.7979V29.7945Z' />
<path
    d='M19.2183 27.1095C19.9696 27.0891 21.2206 29.4504 21.5376 30.095C21.7996 30.6243 22.8093 32.9042 22.6887 33.335C22.6026 33.6438 21.579 33.9287 21.255 33.9694C18.5187 34.2918 17.2435 31.5166 17.564 29.2062C17.6709 28.4259 18.3084 27.1366 19.2217 27.1129L19.2183 27.1095Z' />
<path
    d='M25.5381 25.7469C25.8586 25.6655 27.1096 26.6629 27.4129 26.9174C28.2435 27.623 30.6145 29.9436 30.3492 31.0462C30.0666 32.2269 27.9195 31.7892 27.0441 31.5789C25.7759 31.2735 24.7282 30.8189 24.5525 29.394C24.4491 28.5662 24.4835 26.0183 25.5416 25.7469H25.5381Z' />
<path
    d='M12.3361 28.7964C13.0874 28.6709 13.6733 30.1806 13.9559 30.771C14.5935 32.1009 16.3924 35.8769 13.4837 35.4223C11.0886 35.0457 10.3062 33.0915 10.8094 30.9236C10.9783 30.1976 11.4918 28.9389 12.3361 28.7964Z' />

12
<path
    d='M23.2076 13.6895C26.1885 13.878 29.4202 11.7179 32.306 13.0922C32.6721 13.2662 33.8685 14.0839 33.857 14.4811C32.7413 19.0101 32.6721 23.9132 31.0635 28.306C30.5878 29.602 29.7748 31.8521 28.0422 30.9126C26.7564 30.2138 25.8743 28.6191 24.3319 27.9754C19.3734 25.9081 17.4563 32.345 21.2242 34.5805C23.3691 35.8534 29.7835 36.1114 32.2887 35.8186C33.3813 35.691 34.1914 35.3576 34.9352 34.5167C35.6357 33.7251 35.359 33.3395 35.4137 32.3885C35.4858 31.162 35.7482 26.8417 35.4166 25.9081C35.3503 25.7196 34.5316 24.5511 35.4397 24.8178C36.2527 25.0556 37.5961 28.535 37.9103 29.3904C38.608 31.2925 39.937 35.3692 39.6141 37.2944C39.4498 38.2832 38.1986 38.5296 37.3539 38.692C33.8022 39.3734 26.6873 39.6633 23.222 38.8457C15.8476 37.106 17.5716 30.3878 17.3467 24.554L17.0642 21.0398C19.2898 20.37 21.4635 19.3552 23.7611 18.9318C24.9373 18.7173 27.5435 18.3606 27.3128 20.2801C27.0591 22.3794 25.1449 24.554 25.4217 26.8243C26.8919 27.094 28.0047 26.9345 28.59 25.4296C29.279 23.6638 30.2044 18.1055 29.4433 16.4499C29.1464 15.8033 28.6217 15.7569 27.9673 15.7105C25.217 15.5104 22.0112 16.157 19.7568 17.801C18.4797 18.7289 17.6552 20.4454 15.9053 20.5469L16.0465 20.0598L24.6981 4.50967C25.1536 4.06315 26.2289 4.62855 26.6959 4.9098C27.3619 5.30994 28.2671 5.97972 28.1056 6.86987L23.2047 13.6866L23.2076 13.6895ZM23.568 21.1558C23.2912 20.918 22.1352 21.1674 21.7719 21.2804C20.1979 21.7792 19.3561 23.2753 19.8173 24.8787C20.4516 27.0824 22.7118 24.67 23.2624 23.5508C23.4901 23.0868 23.9889 21.5153 23.5709 21.1529L23.568 21.1558Z' />
<path
    d='M7.44706 22.5803C10.0705 21.9714 12.9505 21.4697 15.3807 22.9688C15.4557 23.0877 14.9656 24.6737 14.8935 24.9984C14.5707 26.4743 14.3717 28.0371 13.9739 29.4869C13.5761 30.9366 13.4694 31.5252 11.8867 31.8326C10.5144 32.0993 9.07012 31.9486 7.70075 32.2385L4.56129 26.9324C3.35913 28.4315 2.60162 29.9769 0.5 29.4869V28.5C2.31045 26.0441 3.51481 24.3635 5.17823 21.8003C5.82399 20.8058 7.52201 18.1962 7.14147 17.0393C7.10111 16.9146 7.03192 16.8943 6.91372 16.8769C6.46976 16.8102 4.06255 17.7062 3.89246 17.5554L2.94111 14.3862C3.17174 13.9861 6.86183 13.2699 7.52201 13.1452C10.0647 12.6639 12.6449 12.3914 15.1962 11.9622C15.8766 11.913 15.9833 13.2728 15.8362 13.7744C15.4788 15.0125 12.9303 15.4504 11.8953 16.0911C9.93787 17.306 8.98652 20.8579 7.44417 22.5832L7.44706 22.5803ZM11.2698 24.3432C10.8143 23.8763 8.15913 24.32 7.79012 24.81C7.5912 25.0738 7.34039 26.6019 7.34904 26.973C7.38652 28.704 8.70976 29.6783 10.3213 28.9012C11.3707 28.3967 11.8348 27.2369 11.7743 26.1032C11.757 25.79 11.4514 24.5287 11.2698 24.3403V24.3432Z' />

13
<path
    d='M21.8756 0.562837L21.5632 5.67696C24.3263 5.95556 28.4998 3.59865 29.4981 7.44464C29.5722 7.72645 29.8524 8.65833 29.5432 8.7544L21.8852 9.73111L21.5664 12.5075C21.8015 12.3698 22.043 12.293 22.3103 12.2353C24.7417 11.7165 29.7171 12.3538 32.0165 13.3786C34.9824 14.6979 32.9343 15.7867 31.9198 17.5224C30.3902 20.1451 29.7719 23.5331 27.9524 26.063L21.8917 25.9637L21.1349 29.5888L36.9694 28.4167C39.3911 28.2502 40.1414 32.0417 39.9804 33.8671C37.5619 34.2866 35.1177 33.2362 32.7475 32.8263C28.9732 32.173 24.9156 32.7911 21.1317 33.1658C20.9352 33.3035 20.8966 33.518 20.8418 33.7294C20.4006 35.417 20.5745 38.6257 20.7066 40.4254C20.7806 41.4534 20.9384 42.4941 21.122 43.5061C20.5745 44.1145 18.7647 44.1529 18.1786 43.6854C17.5313 43.1698 17.6569 40.909 17.702 40.1052C17.7535 39.1605 18.5908 33.8767 18.0305 33.4796C17.4991 33.4059 16.9066 33.4059 16.372 33.4476C12.1243 33.7614 7.49025 35.465 3.26193 35.6732C0.795137 35.7949 0.228354 34.5396 0.00292969 32.3203L17.4733 30.0019L17.5957 27.0269C16.0596 26.7355 14.063 27.8851 12.6332 27.3183C11.8377 27.0045 11.1615 25.3104 10.8137 24.5355C9.86687 22.4251 9.18416 20.1771 8.16652 18.0924C7.80262 17.343 7.35177 16.6577 6.96855 15.9244L17.4379 12.9398L17.5957 10.4805L10.7267 11.6557L9.97314 7.3838L17.3767 6.68569C18.4974 5.82747 16.1111 0.700537 18.4749 0.0920948C19.6342 -0.205722 20.7839 0.290639 21.8788 0.562837H21.8756ZM21.5632 23.0752C24.9639 24.3081 26.8317 20.2411 27.2246 17.548C27.2954 17.058 27.4661 16.1294 27.1376 15.7707C26.0266 14.5506 23.08 14.5154 21.5632 14.7492V17.2053H23.9785C24.1942 17.2053 24.8512 17.516 24.8608 17.8042C24.8802 18.3262 24.2039 19.4822 24.1298 20.0778L21.5632 19.8729V23.0752ZM17.5925 15.1751C15.6828 15.3096 13.0421 16.2446 12.2048 18.0892C11.2677 20.1547 12.4947 22.6013 13.7989 24.2313L17.2544 23.8053L17.5925 21.1538L14.604 21.458C14.3496 20.8112 13.625 19.716 14.1564 19.0691C14.7715 18.3198 17.1159 18.6912 17.4347 18.166C17.5989 17.897 17.4862 15.6778 17.5925 15.1751Z' />

14
<path
    d='M11.8064 2.82812L16.3168 3.48443C15.9836 5.81758 15.2907 8.2262 15.0102 10.5528C14.7825 12.4397 14.9409 14.3364 14.8914 16.2298C14.7033 23.5476 14.5912 30.8916 14.3338 38.206C14.314 38.7573 14.4493 40.6705 14.2843 41.0019C13.8323 41.9109 10.5361 40.5917 10.0675 39.8534C12.9348 35.8237 10.4173 30.5765 11.8064 26.1268C7.22995 26.1957 8.07462 31.3608 7.04518 34.3536C6.47766 36.0074 5.76497 36.3487 4.25709 37.051C2.8482 37.704 2.03626 37.9902 0.475586 38C0.775842 35.7653 2.49515 35.3052 3.77536 33.7301C4.56724 32.7587 5.61649 30.2746 5.65278 29.031C5.74187 26.0087 2.58423 29.8185 1.71316 28.9489L0.475845 25.1457C2.37307 25.126 4.33298 24.7486 6.17411 24.3056C7.41802 24.007 10.7307 23.1078 11.5325 22.1956C12.1033 21.5491 11.7701 20.3579 11.8031 19.5671C10.866 19.6163 5.18425 21.6377 4.76191 21.3752C4.59034 21.2669 3.60378 19.17 3.44211 18.8025C4.08221 18.8288 5.64288 16.6006 5.64288 16.2298V7.6421C6.12461 7.77007 9.18326 7.92759 9.24265 8.23605L7.95254 16.827C8.66854 16.8861 11.7998 15.8984 11.7998 15.1305V2.82812H11.8064Z' />
<path
    d='M28.6349 5.01416C31.2877 5.30293 35.7618 5.54905 36.0654 8.95853C31.0402 10.5501 28.9021 15.9416 24.9922 18.9507C23.6493 19.9844 22.0161 20.8146 20.2739 20.7654L23.1313 16.4994C22.6232 16.5782 22.3427 16.4338 21.9204 16.2271C21.2737 15.912 20.33 14.7635 19.7757 14.7405C18.6769 14.6946 17.5584 16.8834 16.199 16.4469C16.0208 16.3911 15.8064 16.2664 15.9153 16.0531L26.8168 1.28637C26.9092 1.18793 26.9983 1.20105 27.1204 1.20761C27.3844 1.22074 30.2516 1.9197 30.344 2.05752C30.9907 3.02885 28.4072 4.85665 28.6349 5.01416ZM27.0742 7.23574C26.4572 7.30137 25.1572 7.50154 25.6125 8.40724C25.7181 8.61726 27.3547 9.70343 27.645 9.77563C28.8955 10.0939 29.529 9.48029 29.5224 8.24645C29.5224 8.13816 29.3872 7.34403 29.3608 7.30465C29.2321 7.11433 27.4273 7.19636 27.0775 7.23246L27.0742 7.23574ZM27.2062 11.5772C25.3189 11.7347 24.3356 10.5468 23.359 9.17183C23.5008 10.5632 23.0158 11.8003 22.0392 12.7782C23.8308 14.0252 26.8828 14.3665 27.2095 11.5772H27.2062Z' />
<path
    d='M28.5257 23.8299C25.8399 23.6264 23.3257 24.7454 20.7389 25.218C18.3533 25.6577 15.0406 26.1105 15.3739 22.619C19.5676 21.9266 23.8668 21.651 28.0902 21.0472C28.2849 20.9159 28.4565 17.1356 28.661 16.5843C29.2417 15.1503 31.9275 16.499 32.9075 16.8403L32.5907 20.3285C35.5735 19.4261 40.7702 19.5771 39.3547 24.0465C39.0875 24.8931 38.8136 24.7717 37.9393 24.6896C36.2862 24.5354 34.1217 23.5838 32.4489 23.9611C31.3699 24.204 31.8088 25.2639 31.8253 25.9563C31.9506 31.1739 31.8748 36.3915 32.0364 41.6058C32.0463 41.9274 32.3334 42.9414 32.0496 43.1383C31.459 43.3188 30.8849 43.0562 30.3537 42.8429C28.5257 42.1079 21.6595 37.901 21.0952 36.1913C21.0359 36.0108 21.0326 35.8271 21.0458 35.64C23.6887 35.9124 25.7806 38.2291 28.5224 37.8288V23.8266L28.5257 23.8299Z' />
<path
    d='M20.574 25.7204C21.4879 26.9345 22.4712 28.467 23.8702 29.166C24.8171 29.6385 25.4771 29.3202 25.0118 30.7772C24.4608 32.5065 21.224 32.1292 19.9768 31.3941C18.6207 30.5934 18.5976 27.9748 19.1519 26.7016C19.3466 26.2585 20.0296 25.2643 20.5707 25.7171L20.574 25.7204Z' />
    